9.445669222521794727e+05
9.101994835348408669e+05
1.583116190739005688e+05
9.599695560766587732e+05
9.776606048155696772e+04
-2.530491585568281298e+05
-2.814594780069688568e+05
-5.453348728974345140e+05
-5.477372932133246213e+05
2.573978298565323348e+05
3.451258326352696866e+06
5.648594669417598052e+05
1.465615891235467512e+06
-3.085562426818963722e+05
7.782659011369921500e+05
-1.163412225471384008e+05
-1.549658440089456562e+05
-1.170320850272096694e+06
2.298014807485349942e+06
5.095896714937060606e+05
-1.403470691306617809e+06
6.685008129010394914e+05
-4.455233290321230888e+05
4.158950203133686911e+06
3.409566258924509748e+04
-2.557391960456082597e+06
8.218884764252584428e+05
-1.945141987095542718e+05
5.291349875228060409e+05
-4.080472377583091729e+05
-2.504014387641259818e+05
-7.341814721004368039e+05
-5.422654057715686504e+05
7.624410417531358544e+05
-1.140067533582067816e+06
4.329275905399381882e+05
-7.719868943246011622e+04
5.224147979764090851e+05
9.553249998406870291e+05
3.335944828164782957e+05
3.189216723577038501e+05
6.263928857292532921e+05
8.636114805754763074e+04
5.538703484357452951e+06
2.496414907752441941e+05
-1.372135187586321495e+06
-1.254995831516356673e+06
-6.394071139000600670e+05
8.808611794886811404e+05
2.332965202219510451e+06
-1.463786857016573427e+06
1.977385903600573307e+06
9.052417678272260819e+05
-2.033453042151295347e+06
8.697925216131021734e+05
-2.053469851625492156e+05
7.689759642540032510e+05
-3.293433526884139865e+05
-1.016320088828021777e+06
-1.291732167246550671e+04
-7.099574118892135099e+06
-1.096517455364221387e+05
-1.957021080506425118e+06
6.816849518091700156e+04
1.182829007437216816e+06
2.549988959099270869e+06
1.236436513369381661e+06
-4.115111190134419594e+06
2.976095682183233439e+05
-1.248090632746529067e+06
4.169679247728612972e+05
1.359726063026509946e+05
-2.905510999752621632e+06
-2.227457034842615016e+06
6.682589739803662524e+05
-1.990353106419040123e+06
1.625134166723902570e+06
-1.702598715480097570e+06
4.614463862519237446e+05
-1.610419099416981218e+06
1.981892748257908272e+06
1.542391142507608747e+05
3.648569912845391664e+05
-3.894044587048778194e+05
2.276852630683389492e+06
5.843236185295619362e+04
1.564146878189943964e+06
-1.785016547320361948e+06
-3.769907258106821217e+06
4.040090018001630087e+05
-2.402051958291152841e+05
3.088444867971036583e+05
-1.548556123432314489e+05
-5.333600177655859152e+05
-1.528292220328030817e+05
4.197035643538639997e+05
2.343159736114669649e+05
-5.708489119542939588e+06
-1.166981015577697195e+06
-1.254637424815928796e+06
-1.157337925561408745e+06
-9.657592035274818772e+05
7.468258070697132498e+05
-1.132073464987911750e+06
-1.315977318562489236e+05
-4.426160829059190000e+05
1.235064083344416227e+06
2.299415775403013919e+06
1.780203534811215475e+06
-3.942186058061568066e+06
3.257267983007224742e+06
-4.903232524217164028e+05
6.264894701558883535e+05
-5.578530300323966658e+05
1.348892156330760568e+06
-1.382701391016748501e+06
9.874428106488788035e+04
2.436551699464768462e+05
8.679546818022830412e+05
3.155780466194166002e+04
1.242774931520815939e+06
-1.487592682931602234e+06
1.949507986748349853e+06
6.382408686615464831e+04
-2.191903505373180844e+06
3.209243569566268707e+05
-4.439842198143344722e+05
2.925663835415145149e+05
-8.185308911229459045e+04
-2.765301440069465898e+06
4.283775291517412290e+06
-1.230375107710302575e+06
3.160197784637987614e+06
-2.087103265849688090e+06
9.069327799790748395e+05
-1.593068858711317647e+06
6.754199718785716686e+05
-5.616660195380439836e+04
-2.560077878458716907e+06
-1.539710374408832751e+06
6.325168126810568356e+04
-1.588252895214809570e+06
7.931766503527797759e+06
2.438041047331413429e+05
1.156619713732115226e+06
