1.279285905506716575e+06
4.157101384772631805e+06
2.715624379390004324e+05
-1.344528912081877468e+06
3.101606397737872903e+05
-7.021030390795454150e+04
1.127150835513784550e+06
3.076122459643351380e+06
7.216226190238264389e+06
4.830965640595019067e+04
2.463502113370547537e+06
4.019066832303054980e+05
-1.088908313651477220e+06
5.857460330798212672e+05
2.590479434034844860e+06
3.375586170126144862e+04
-1.103069955474463291e+06
1.398907366043683141e+05
4.935723812757880660e+04
5.675223360453621717e+05
-5.104663654930160381e+06
3.249003504049835261e+06
-1.098290513219526183e+05
-6.843026227129570907e+04
-2.969722746957524796e+05
8.091639700884088874e+06
-5.321028107030964456e+06
-1.128018461966040013e+04
2.855949457866760204e+05
-5.583403475022802129e+06
-2.147530729027414345e+05
-4.703948719731336460e+06
5.196108406148002250e+05
-4.776534937282578088e+06
4.547333877607668750e+06
6.803701969810656738e+04
4.411394549155220157e+05
4.873315888591661118e+06
-8.090624414206136949e+06
1.938834656719050836e+05
-2.667377328733408358e+06
4.796555390989508480e+06
-4.893489365664364886e+05
3.902813292594298255e+05
7.124664587199338712e+06
5.714644499410167336e+05
4.609970255920855561e+05
-1.255232998179337475e+06
-3.985085664070713683e+05
1.848938214829967357e+06
-1.760628795982670505e+06
8.757987420971547253e+05
2.069724942449860740e+06
1.410953474694700912e+06
2.988287455117911566e+06
2.268302548044831783e+05
-4.147820028864991618e+05
-2.441737799196081236e+06
2.873232424224467250e+05
-2.722685809307923075e+06
-1.345629318422924262e+06
-7.718997257689078338e+06
-5.884539853743364103e+06
-3.571901302444124594e+06
7.597190536995237926e+04
-2.137827180707869047e+04
6.322595300824752077e+06
3.150468304535788018e+06
-1.535527160578603856e+06
-2.194757406218146207e+05
-2.032987640318439575e+06
-9.191967446483167805e+03
-1.155943457031395053e+06
9.326308221060555661e+05
-1.954078222826268990e+06
-1.617062141177293961e+05
1.146395780898104189e+06
1.983431946000445867e+06
1.413967768509916263e+06
4.090408084862560034e+06
1.532438844577226846e+05
1.397101216580733191e+06
-1.905406215158345643e+06
-7.413172767034554854e+05
-1.334082678660385776e+06
5.424413205082985573e+06
6.708188980471510149e+04
1.942472355516351992e+06
-1.730112177023488795e+06
-4.315960095106390305e+06
2.953534735165595193e+05
1.173716298987273593e+06
-2.555805226026681252e+06
-5.291701783691157587e+06
-2.326633588796758850e+05
-8.449035833299119025e+06
8.087922660543652019e+05
8.550557364236959256e+05
-5.305640905304761603e+06
-1.235420220484242076e+06
-8.537936720641605789e+05
9.707553028542717220e+04
1.182067043953864835e+06
-1.513424796103104949e+06
5.250972498738263734e+06
-2.301810089124786027e+05
4.291969551317229634e+05
1.395829645137475571e+06
-1.518913500183707569e+06
1.180969641219220823e+06
-5.866667629916677251e+05
-6.569388393386266194e+06
5.029237864903517067e+06
5.237750685644338839e+06
-5.423031125191715546e+05
-2.528929205930480093e+05
-1.046405736892635236e+06
-1.809499154189170076e+04
-1.080068695157861366e+05
-1.095791221171545563e+06
5.730675642060713290e+04
2.838693702365233097e+06
-1.574703399048367748e+06
2.356145263531194068e+06
-3.781299619875861390e+04
-4.446014143510923721e+06
-8.232732161693413218e+04
-2.205857097602778580e+06
-2.530611909605316760e+05
6.509383205895093124e+04
-9.213841863679427479e+04
4.417627861256641336e+06
-1.680778441349409986e+06
-1.137553356688415864e+06
-2.122711025391024072e+06
4.968179409013591358e+05
2.593224441192913335e+06
1.496678949436146766e+06
5.195899458480510657e+04
-3.853008644418407232e+06
-2.041060862226692028e+06
-1.104118014004254248e+06
1.030494012824595207e+06
1.212113212140650302e+07
-2.484853071866898797e+06
-2.001953207363392226e+06
