1.000000000000000000e+00
2.687409976669623557e-01
3.000000000000000000e+00
2.687409976669623557e-01
7.000000000000000000e+00
2.687409976669623557e-01
9.000000000000000000e+00
2.687409976669623557e-01
2.000000000000000000e+00
3.023730595676321631e-01
4.000000000000000000e+00
3.023730595676321631e-01
6.000000000000000000e+00
3.023730595676321631e-01
8.000000000000000000e+00
3.023730595676321631e-01
5.000000000000000000e+00
3.391568743109660833e-01
9.371297361336747636e-03
3.361441519321858100e-14
5.220559299999999459e-01
