2.213198600000000071e-01,2.563522899999999827e-01,2.803379999999999761e-01,1.935604200000000108e-01,2.286019999999999996e-01,2.645728900000000050e-01,1.674291499999999988e-01,1.970268299999999861e-01,2.321590900000000124e-01
2.352938099999999921e-01,2.847655399999999837e-01,3.277887800000000018e-01,2.510042200000000001e-01,2.868452799999999803e-01,2.995970600000000261e-01,2.470229300000000017e-01,2.609846599999999794e-01,2.525295900000000260e-01
2.325827699999999942e-01,2.994575700000000062e-01,3.915466400000000013e-01,2.073526499999999995e-01,2.685968400000000034e-01,3.734608200000000267e-01,1.803723799999999988e-01,2.277620700000000109e-01,3.082695599999999980e-01
2.410535900000000120e-01,2.895104000000000011e-01,3.268933500000000270e-01,2.446399400000000002e-01,2.883615299999999770e-01,3.154480100000000009e-01,2.299367800000000073e-01,2.596969700000000270e-01,2.727017199999999808e-01
1.299768599999999996e-01,1.514315599999999928e-01,1.803937599999999863e-01,1.296644100000000077e-01,1.519871399999999928e-01,1.831626799999999944e-01,1.265215100000000037e-01,1.479611899999999924e-01,1.779158700000000037e-01
2.939711500000000144e-01,3.335194799999999793e-01,3.312337599999999882e-01,3.083296600000000054e-01,3.454577500000000079e-01,3.343400400000000050e-01,2.866247599999999784e-01,3.089776399999999978e-01,2.950972599999999724e-01
1.712273800000000124e-01,2.030771700000000013e-01,2.418644100000000019e-01,1.620272000000000101e-01,1.944700500000000054e-01,2.390529499999999863e-01,1.494359500000000118e-01,1.786227099999999901e-01,2.202757200000000082e-01
1.593863699999999994e-01,1.753329799999999994e-01,1.876449400000000101e-01,1.600283899999999926e-01,1.736598900000000112e-01,1.826492299999999958e-01,1.553433899999999979e-01,1.655328699999999986e-01,1.708559199999999945e-01
1.684080000000000021e-01,1.893468500000000110e-01,2.074740800000000052e-01,1.697439799999999888e-01,1.873386800000000074e-01,2.000542499999999890e-01,1.647114299999999920e-01,1.773297500000000082e-01,1.842782799999999888e-01
3.059713600000000255e-01,3.399398499999999879e-01,3.273576300000000106e-01,2.859112300000000162e-01,3.407885399999999732e-01,3.605153400000000175e-01,2.462525799999999987e-01,2.978307800000000172e-01,3.378204399999999996e-01
2.124824600000000119e-01,2.483002099999999934e-01,2.773852099999999932e-01,2.001578199999999863e-01,2.439397399999999883e-01,2.967581699999999878e-01,1.811360399999999982e-01,2.230722099999999930e-01,2.837550200000000244e-01
2.659784199999999932e-01,2.921868300000000085e-01,2.887079799999999752e-01,2.745595800000000253e-01,2.999062800000000251e-01,2.926456599999999741e-01,2.573263800000000212e-01,2.749401699999999837e-01,2.666717200000000010e-01
1.553846200000000011e-01,1.794762500000000038e-01,2.068228799999999867e-01,1.560697299999999899e-01,1.781244300000000003e-01,2.012656200000000062e-01,1.517978200000000000e-01,1.697681500000000065e-01,1.866586199999999973e-01
2.645391200000000165e-01,3.002214599999999955e-01,3.070619099999999935e-01,2.550093999999999972e-01,3.007877899999999993e-01,3.255676100000000073e-01,2.283867199999999875e-01,2.700010600000000149e-01,3.019357400000000080e-01
1.304534499999999986e-01,1.497648400000000102e-01,1.737794000000000005e-01,1.248830699999999988e-01,1.439639600000000019e-01,1.688257699999999861e-01,1.177000799999999986e-01,1.353071499999999872e-01,1.585846599999999884e-01
2.416339499999999862e-01,3.095184699999999900e-01,3.935843299999999823e-01,2.400075000000000125e-01,2.876884900000000189e-01,3.242561299999999758e-01,2.219537900000000119e-01,2.466862900000000025e-01,2.558847499999999942e-01
1.170972700000000033e-01,1.290852700000000020e-01,1.417016500000000123e-01,1.191507799999999978e-01,1.294115600000000088e-01,1.390901800000000077e-01,1.189702799999999977e-01,1.268827600000000111e-01,1.332932799999999862e-01
1.193198800000000032e-01,1.203420399999999973e-01,1.190406999999999993e-01,1.179914600000000063e-01,1.207198899999999964e-01,1.211657700000000060e-01,1.146133599999999975e-01,1.187675499999999995e-01,1.209418700000000069e-01
1.693178499999999920e-01,2.035572200000000109e-01,2.492815499999999906e-01,1.654412299999999947e-01,1.967010100000000095e-01,2.366109600000000091e-01,1.563737600000000005e-01,1.817778499999999908e-01,2.115828800000000010e-01
2.109835599999999867e-01,2.770695000000000241e-01,3.986010899999999912e-01,2.128048399999999951e-01,2.747971399999999953e-01,3.750429800000000258e-01,2.024228799999999995e-01,2.487203199999999947e-01,3.066981799999999869e-01
2.221326200000000028e-01,2.748867999999999867e-01,3.350540599999999869e-01,1.964424100000000117e-01,2.376217999999999941e-01,2.861457399999999818e-01,1.708288000000000029e-01,2.004303600000000019e-01,2.342463599999999868e-01
2.204823599999999884e-01,2.628297299999999836e-01,3.003208900000000070e-01,2.218165300000000117e-01,2.590310499999999849e-01,2.864226699999999903e-01,2.095027899999999943e-01,2.354568599999999901e-01,2.500183500000000003e-01
2.444974900000000118e-01,3.017448899999999878e-01,3.548029300000000164e-01,2.595183600000000035e-01,3.049410799999999755e-01,3.267534999999999745e-01,2.525904199999999822e-01,2.749183599999999728e-01,2.722204899999999816e-01
2.060016000000000069e-01,2.584643300000000199e-01,3.318626000000000076e-01,2.014270999999999978e-01,2.484635000000000038e-01,3.092544600000000088e-01,1.875293100000000046e-01,2.228622199999999998e-01,2.622672600000000021e-01
2.681827999999999990e-01,3.043705800000000017e-01,3.102251500000000051e-01,2.283430399999999971e-01,2.730891400000000080e-01,3.109128800000000026e-01,1.918824399999999875e-01,2.310668300000000008e-01,2.772971699999999817e-01
1.781019399999999864e-01,2.084325800000000062e-01,2.410048300000000032e-01,1.758627700000000016e-01,2.088485399999999992e-01,2.482563799999999987e-01,1.670209500000000014e-01,1.978707399999999894e-01,2.360927600000000126e-01
1.749021299999999890e-01,2.089106599999999980e-01,2.512426400000000171e-01,1.517948899999999879e-01,1.796468999999999983e-01,2.167889100000000013e-01,1.326679500000000067e-01,1.547377299999999900e-01,1.843667499999999959e-01
2.823590599999999950e-01,3.317308500000000215e-01,3.463228899999999943e-01,2.624342599999999748e-01,3.316844199999999798e-01,3.963470499999999785e-01,2.282017100000000021e-01,2.911319900000000072e-01,3.752930400000000222e-01
1.054869600000000046e-01,1.152136899999999936e-01,1.254843300000000050e-01,1.003332499999999988e-01,1.092431900000000039e-01,1.187144400000000044e-01,9.469753699999999830e-02,1.026198200000000005e-01,1.110341100000000053e-01
1.880256399999999939e-01,2.318773899999999888e-01,2.933839699999999939e-01,1.772982499999999906e-01,2.161558799999999947e-01,2.701795300000000011e-01,1.621266199999999991e-01,1.927627600000000052e-01,2.325796900000000056e-01
2.055421699999999963e-01,2.657820499999999919e-01,3.688905299999999943e-01,1.738742899999999869e-01,2.135072399999999870e-01,2.721395099999999734e-01,1.487565700000000046e-01,1.756182599999999983e-01,2.114650499999999878e-01
2.114260799999999885e-01,2.636508900000000266e-01,3.313639600000000129e-01,1.899230100000000032e-01,2.312767099999999965e-01,2.842825600000000175e-01,1.671740999999999921e-01,1.972154700000000038e-01,2.334679500000000074e-01
1.348823100000000053e-01,1.557833999999999885e-01,1.821132199999999923e-01,1.356411299999999986e-01,1.541056000000000092e-01,1.752241300000000057e-01,1.331027999999999933e-01,1.478991299999999898e-01,1.628803500000000071e-01
1.698086099999999987e-01,1.853967099999999923e-01,1.953179100000000112e-01,1.675603300000000073e-01,1.857070899999999913e-01,1.996739700000000062e-01,1.595970600000000128e-01,1.778772999999999882e-01,1.936859800000000076e-01
1.999792099999999906e-01,2.411383300000000118e-01,2.875267899999999766e-01,1.717459799999999925e-01,2.063087999999999866e-01,2.516349199999999842e-01,1.482415400000000050e-01,1.754188999999999887e-01,2.122594399999999937e-01
2.102398500000000059e-01,2.643063700000000127e-01,3.388058899999999984e-01,1.780585000000000084e-01,2.182968999999999882e-01,2.759239199999999892e-01,1.522087500000000038e-01,1.814858500000000041e-01,2.221458000000000044e-01
2.012100599999999961e-01,2.457141200000000081e-01,2.997195000000000276e-01,1.947633500000000017e-01,2.308821000000000068e-01,2.685836300000000176e-01,1.803904500000000077e-01,2.055773800000000040e-01,2.276309800000000105e-01
1.960074300000000103e-01,2.302679499999999990e-01,2.635554900000000034e-01,1.971553400000000122e-01,2.247058700000000020e-01,2.455209600000000103e-01,1.885434300000000118e-01,2.064771499999999982e-01,2.157267400000000002e-01
1.351869400000000054e-01,1.577670200000000078e-01,1.878445800000000110e-01,1.273754699999999906e-01,1.459636199999999884e-01,1.691664099999999893e-01,1.184628600000000032e-01,1.331523699999999921e-01,1.503228500000000079e-01
2.391592600000000124e-01,2.711371100000000145e-01,2.836620899999999779e-01,2.289473399999999992e-01,2.781772699999999765e-01,3.248902599999999863e-01,2.068203700000000034e-01,2.586383500000000168e-01,3.292274399999999823e-01
2.030515300000000078e-01,2.508343599999999785e-01,3.125105499999999981e-01,1.998933800000000094e-01,2.429514899999999922e-01,2.940782800000000252e-01,1.873000999999999971e-01,2.198145400000000027e-01,2.532420699999999858e-01
1.449171499999999946e-01,1.668271600000000021e-01,1.926257500000000122e-01,1.374129099999999992e-01,1.569057700000000000e-01,1.796542100000000086e-01,1.280279699999999909e-01,1.443195499999999909e-01,1.628190800000000049e-01
2.983061699999999816e-01,3.273183900000000146e-01,3.140983700000000156e-01,2.628235800000000011e-01,3.175641599999999842e-01,3.522058499999999870e-01,2.212847799999999865e-01,2.751963499999999785e-01,3.391743199999999736e-01
1.767845899999999915e-01,2.218827700000000069e-01,2.970493799999999740e-01,1.789069399999999865e-01,2.255468300000000037e-01,3.045947399999999750e-01,1.735684700000000025e-01,2.146253700000000098e-01,2.781001599999999851e-01
2.206431299999999929e-01,2.662910199999999894e-01,3.105412100000000120e-01,2.179424199999999978e-01,2.767606100000000180e-01,3.588906499999999777e-01,2.029795899999999875e-01,2.606895799999999763e-01,3.565945300000000207e-01
2.345580899999999969e-01,2.628516399999999975e-01,2.723939200000000116e-01,2.265760400000000063e-01,2.720639799999999831e-01,3.123934500000000170e-01,2.063346799999999925e-01,2.560522800000000210e-01,3.207060899999999992e-01
2.291402399999999950e-01,2.832651800000000053e-01,3.412782699999999947e-01,2.216203300000000043e-01,2.863253900000000129e-01,3.851439300000000232e-01,2.025244599999999895e-01,2.613643800000000073e-01,3.626630399999999921e-01
1.554550000000000098e-01,1.897608500000000087e-01,2.434867500000000018e-01,1.324996099999999899e-01,1.566119699999999892e-01,1.914328100000000088e-01,1.152809399999999984e-01,1.330649499999999874e-01,1.573018200000000089e-01
1.283226500000000103e-01,1.459309500000000037e-01,1.669160600000000050e-01,1.199191099999999954e-01,1.334085000000000132e-01,1.481828500000000048e-01,1.110742400000000046e-01,1.211593499999999990e-01,1.314244400000000035e-01
1.386536399999999947e-01,1.615329400000000137e-01,1.912523600000000101e-01,1.353650799999999987e-01,1.584201600000000043e-01,1.895826700000000087e-01,1.292738200000000115e-01,1.506317500000000087e-01,1.795685999999999949e-01
1.523638300000000056e-01,1.845660199999999973e-01,2.334949500000000067e-01,1.557229400000000041e-01,1.882415000000000060e-01,2.362942100000000045e-01,1.541099999999999970e-01,1.832113800000000070e-01,2.225852799999999965e-01
1.133304200000000012e-01,1.293994300000000097e-01,1.502584899999999946e-01,1.031677899999999953e-01,1.162857399999999986e-01,1.328548800000000085e-01,9.417471500000000606e-02,1.048936399999999963e-01,1.180758699999999994e-01
1.760957900000000020e-01,2.198844199999999971e-01,2.908170299999999764e-01,1.830770300000000017e-01,2.262399900000000019e-01,2.893396799999999880e-01,1.821829699999999996e-01,2.177131300000000047e-01,2.601833100000000010e-01
1.903146599999999966e-01,2.397071199999999958e-01,3.177585399999999782e-01,1.821624400000000088e-01,2.291621699999999984e-01,3.063619100000000151e-01,1.681484500000000049e-01,2.067835699999999999e-01,2.662074700000000016e-01
2.454080700000000059e-01,2.545610200000000267e-01,2.427837200000000084e-01,2.348949300000000018e-01,2.563863299999999956e-01,2.581317499999999932e-01,2.115267200000000014e-01,2.376916099999999976e-01,2.519251200000000024e-01
2.050214700000000112e-01,2.596769500000000175e-01,3.414908999999999861e-01,1.955998399999999970e-01,2.361749700000000118e-01,2.836988699999999919e-01,1.790557899999999925e-01,2.052718500000000057e-01,2.295350399999999957e-01
1.506621099999999880e-01,1.704692600000000113e-01,1.907790000000000041e-01,1.528238000000000096e-01,1.684308099999999864e-01,1.814032700000000053e-01,1.502685099999999940e-01,1.605530000000000013e-01,1.666479999999999906e-01
3.214893699999999965e-01,3.141382200000000235e-01,2.742282899999999857e-01,2.901748100000000052e-01,3.222719900000000082e-01,3.148670499999999817e-01,2.440964800000000046e-01,2.907489600000000007e-01,3.230577499999999769e-01
1.517763699999999938e-01,1.841640900000000025e-01,2.339901100000000012e-01,1.512229200000000107e-01,1.820519700000000074e-01,2.274945399999999951e-01,1.462499300000000002e-01,1.726023799999999997e-01,2.081246900000000011e-01
2.237839799999999935e-01,2.752987100000000020e-01,3.310124700000000031e-01,2.467439800000000016e-01,2.878646300000000102e-01,3.098433899999999963e-01,2.532835900000000029e-01,2.706962800000000113e-01,2.634123199999999776e-01
1.987562200000000112e-01,2.553000200000000164e-01,3.518564000000000136e-01,1.958564100000000086e-01,2.477394400000000052e-01,3.292661399999999849e-01,1.840207399999999882e-01,2.238860500000000031e-01,2.765413899999999980e-01
2.231521599999999883e-01,2.733052100000000206e-01,3.261678299999999919e-01,2.195293200000000000e-01,2.556873800000000196e-01,2.822959400000000230e-01,2.035980599999999974e-01,2.241078300000000079e-01,2.331057800000000124e-01
1.781783299999999959e-01,2.234234599999999904e-01,2.978352599999999906e-01,1.749036499999999938e-01,2.193119000000000041e-01,2.936222399999999788e-01,1.653273399999999893e-01,2.030472399999999900e-01,2.614351300000000156e-01
2.212048400000000137e-01,2.870984400000000103e-01,3.912193500000000213e-01,1.975930899999999990e-01,2.406840799999999947e-01,2.933772000000000046e-01,1.727868200000000076e-01,1.996050600000000008e-01,2.269843800000000134e-01
1.311448799999999915e-01,1.421441499999999969e-01,1.515348400000000040e-01,1.319469299999999901e-01,1.403605300000000111e-01,1.461996499999999866e-01,1.297065500000000038e-01,1.351714800000000105e-01,1.377150000000000041e-01
1.994884799999999958e-01,2.455867499999999926e-01,3.051657300000000239e-01,2.007370300000000107e-01,2.394191099999999905e-01,2.797246199999999794e-01,1.917017500000000041e-01,2.181308100000000083e-01,2.388520000000000088e-01
2.022232200000000091e-01,2.282892699999999886e-01,2.452285899999999963e-01,1.769953599999999905e-01,2.043225200000000075e-01,2.312985899999999984e-01,1.541296799999999911e-01,1.783868299999999962e-01,2.064545899999999934e-01
2.392614399999999919e-01,2.713105199999999995e-01,2.838887299999999780e-01,2.346495700000000018e-01,2.792326600000000214e-01,3.131919100000000178e-01,2.153585399999999872e-01,2.601887099999999897e-01,3.058858600000000094e-01
1.129797599999999985e-01,1.203091399999999950e-01,1.264512600000000098e-01,1.072765900000000050e-01,1.153896300000000069e-01,1.230717499999999937e-01,1.009372800000000042e-01,1.092213400000000001e-01,1.176804399999999973e-01
1.196417599999999998e-01,1.387899800000000072e-01,1.651304000000000105e-01,1.103536999999999990e-01,1.261723100000000097e-01,1.470861400000000041e-01,1.014945899999999956e-01,1.143887700000000007e-01,1.307678200000000068e-01
2.437742800000000098e-01,3.137946699999999978e-01,4.019422799999999851e-01,2.257100999999999968e-01,2.834116099999999805e-01,3.540669300000000019e-01,1.994567200000000040e-01,2.393870800000000021e-01,2.831833400000000056e-01
1.381465100000000001e-01,1.550616400000000006e-01,1.728049999999999864e-01,1.344963299999999973e-01,1.495311699999999910e-01,1.646845200000000009e-01,1.281732700000000058e-01,1.406318099999999960e-01,1.525662999999999880e-01
1.483867100000000050e-01,1.783097399999999944e-01,2.225291100000000022e-01,1.368051200000000023e-01,1.608853799999999945e-01,1.941022699999999934e-01,1.248513900000000065e-01,1.435598999999999903e-01,1.676085900000000017e-01
1.600399200000000022e-01,1.782866899999999977e-01,1.939516699999999927e-01,1.473896000000000095e-01,1.659306000000000114e-01,1.846994299999999978e-01,1.339558200000000032e-01,1.509513100000000052e-01,1.696385599999999938e-01
2.841234200000000154e-01,3.371601699999999813e-01,3.555092899999999778e-01,2.461058999999999886e-01,2.991769899999999760e-01,3.421852799999999806e-01,2.069937400000000094e-01,2.480399699999999985e-01,2.901951500000000128e-01
2.286929699999999954e-01,2.701189399999999741e-01,3.015597500000000153e-01,2.447276300000000016e-01,2.740015000000000089e-01,2.811761300000000241e-01,2.426824200000000098e-01,2.528600200000000187e-01,2.424868699999999933e-01
1.767427400000000093e-01,2.190235399999999888e-01,2.841487200000000213e-01,1.747699400000000125e-01,2.129681400000000002e-01,2.666606200000000149e-01,1.662700699999999920e-01,1.962806699999999904e-01,2.328291200000000005e-01
1.671318300000000090e-01,1.928061000000000080e-01,2.197566099999999911e-01,1.547222099999999989e-01,1.775738400000000106e-01,2.026108500000000090e-01,1.407864500000000074e-01,1.596532400000000018e-01,1.804254299999999978e-01
2.304480799999999996e-01,2.618055499999999980e-01,2.767647799999999880e-01,2.203608900000000037e-01,2.666459700000000099e-01,3.124710800000000122e-01,1.997484999999999955e-01,2.481009999999999882e-01,3.141174700000000097e-01
1.309978099999999923e-01,1.485722700000000063e-01,1.689392999999999867e-01,1.287973099999999982e-01,1.479167000000000121e-01,1.719171700000000080e-01,1.240384399999999998e-01,1.431294599999999861e-01,1.682219799999999932e-01
1.583462099999999873e-01,1.939598800000000012e-01,2.501097899999999985e-01,1.385093300000000138e-01,1.646456099999999978e-01,2.026100899999999927e-01,1.221035099999999984e-01,1.415583900000000062e-01,1.679778600000000066e-01
1.711951899999999971e-01,1.965926600000000024e-01,2.217645500000000047e-01,1.669539800000000018e-01,1.951142999999999905e-01,2.272419800000000101e-01,1.574503499999999889e-01,1.845303399999999872e-01,2.176853300000000102e-01
2.407822900000000099e-01,2.930013699999999832e-01,3.379828100000000224e-01,2.636072199999999754e-01,3.097479899999999731e-01,3.303951099999999919e-01,2.650067700000000026e-01,2.898447000000000107e-01,2.854399699999999873e-01
1.773198300000000116e-01,2.078310600000000119e-01,2.410878100000000135e-01,1.706087000000000020e-01,2.020947499999999897e-01,2.402894499999999878e-01,1.588843100000000008e-01,1.872402300000000075e-01,2.228288400000000002e-01
2.309672999999999865e-01,2.630662699999999909e-01,2.788491599999999848e-01,2.180318599999999940e-01,2.534211199999999997e-01,2.793768500000000099e-01,1.959948699999999877e-01,2.270508499999999985e-01,2.542497300000000071e-01
2.655786900000000061e-01,3.380391600000000052e-01,4.072163300000000152e-01,2.323571299999999951e-01,2.964339300000000121e-01,3.794810000000000128e-01,1.977500399999999880e-01,2.445945499999999939e-01,3.076712400000000125e-01
2.512187200000000065e-01,2.802025000000000210e-01,2.847365000000000035e-01,2.289280900000000007e-01,2.639799099999999843e-01,2.848383800000000021e-01,1.999080799999999880e-01,2.314355200000000057e-01,2.580037299999999867e-01
1.214267500000000000e-01,1.389660799999999918e-01,1.612718399999999996e-01,1.211976599999999987e-01,1.375274400000000008e-01,1.573871900000000101e-01,1.186435299999999970e-01,1.328423699999999874e-01,1.490749899999999906e-01
2.016488999999999920e-01,2.464557900000000079e-01,3.009614199999999795e-01,2.044804799999999922e-01,2.492660999999999905e-01,3.018084699999999954e-01,1.963197200000000031e-01,2.329282599999999981e-01,2.709386799999999873e-01
2.673599300000000234e-01,3.262795499999999738e-01,3.650731099999999785e-01,2.401342900000000002e-01,3.098863000000000034e-01,4.018917699999999815e-01,2.067254500000000050e-01,2.659381499999999843e-01,3.630828899999999915e-01
1.691359600000000019e-01,2.092013699999999976e-01,2.726916899999999866e-01,1.660418700000000081e-01,2.056738399999999967e-01,2.700334799999999924e-01,1.575390600000000085e-01,1.919663000000000064e-01,2.448058899999999982e-01
1.700510699999999986e-01,1.979356700000000080e-01,2.283775299999999953e-01,1.582815300000000036e-01,1.847882299999999978e-01,2.163631299999999869e-01,1.444046800000000075e-01,1.672420599999999979e-01,1.951573500000000072e-01
1.724663999999999919e-01,2.095503999999999978e-01,2.614178099999999727e-01,1.716608900000000104e-01,2.123288799999999976e-01,2.759483600000000036e-01,1.644922400000000118e-01,2.028810699999999967e-01,2.640921800000000097e-01
2.958736100000000091e-01,3.498451599999999884e-01,3.621700500000000211e-01,2.544619300000000028e-01,3.181066300000000013e-01,3.772456000000000143e-01,2.123793900000000012e-01,2.644427799999999884e-01,3.308499699999999932e-01
2.117332199999999998e-01,2.418608800000000003e-01,2.618014100000000122e-01,2.126656199999999997e-01,2.519026200000000215e-01,2.873177399999999881e-01,2.015303800000000090e-01,2.416169800000000090e-01,2.846318500000000196e-01
2.649695100000000192e-01,3.066152999999999795e-01,3.204780099999999798e-01,2.577638199999999769e-01,3.143852300000000155e-01,3.559979799999999917e-01,2.320928899999999961e-01,2.850825399999999954e-01,3.380507200000000267e-01
1.420672000000000046e-01,1.565910299999999922e-01,1.697032199999999880e-01,1.427509999999999890e-01,1.537324899999999994e-01,1.616731399999999930e-01,1.396105800000000119e-01,1.465694600000000125e-01,1.499076699999999929e-01
2.173117099999999913e-01,2.451987700000000103e-01,2.599726099999999929e-01,1.984350000000000003e-01,2.333338399999999868e-01,2.668354800000000138e-01,1.758929999999999938e-01,2.093907899999999933e-01,2.500040900000000121e-01
2.126437499999999925e-01,2.255150499999999947e-01,2.240745199999999993e-01,2.127907400000000060e-01,2.318282600000000082e-01,2.367937999999999987e-01,2.009654300000000005e-01,2.221875100000000047e-01,2.327574699999999941e-01
1.479501699999999920e-01,1.504314300000000049e-01,1.484109000000000123e-01,1.460491200000000045e-01,1.527610799999999935e-01,1.551755499999999954e-01,1.403245399999999976e-01,1.503787099999999988e-01,1.574010399999999921e-01
2.355087899999999956e-01,2.960813600000000156e-01,3.653720300000000143e-01,2.336809699999999879e-01,2.899254099999999945e-01,3.494969900000000074e-01,2.166657200000000061e-01,2.574077200000000065e-01,2.937518599999999758e-01
2.362260200000000088e-01,2.974966499999999736e-01,3.680157800000000146e-01,2.119021000000000099e-01,2.628566500000000250e-01,3.264797799999999972e-01,1.846579600000000099e-01,2.216569700000000087e-01,2.664427999999999797e-01
2.009502400000000022e-01,2.558333700000000044e-01,3.430114899999999745e-01,1.854690800000000084e-01,2.339925700000000108e-01,3.136774600000000190e-01,1.664736199999999888e-01,2.043140999999999985e-01,2.623117099999999757e-01
2.151198199999999894e-01,2.645638000000000156e-01,3.215663000000000271e-01,1.942042200000000107e-01,2.326763199999999920e-01,2.759309999999999818e-01,1.711823100000000042e-01,1.985692000000000013e-01,2.276052899999999879e-01
3.229693200000000042e-01,3.321214299999999953e-01,2.981319599999999737e-01,2.920187000000000199e-01,3.359042300000000258e-01,3.389380000000000170e-01,2.456421299999999863e-01,2.966198400000000235e-01,3.358635600000000054e-01
1.322306599999999999e-01,1.468483499999999886e-01,1.616707400000000072e-01,1.343799800000000100e-01,1.463252600000000125e-01,1.566742700000000044e-01,1.333115500000000009e-01,1.417862199999999906e-01,1.475644200000000017e-01
1.990932900000000061e-01,2.574782299999999746e-01,3.616450600000000182e-01,2.071217200000000092e-01,2.696023100000000117e-01,3.803749200000000052e-01,2.037064199999999992e-01,2.570208099999999884e-01,3.355178999999999800e-01
1.894994799999999979e-01,2.260414299999999876e-01,2.672450399999999893e-01,1.819905599999999957e-01,2.150717099999999993e-01,2.519672800000000157e-01,1.684443399999999980e-01,1.947267000000000026e-01,2.224605600000000016e-01
1.240763200000000038e-01,1.299560899999999963e-01,1.334249000000000129e-01,1.271424100000000112e-01,1.305267999999999984e-01,1.310416500000000095e-01,1.275440999999999936e-01,1.281584299999999899e-01,1.259856599999999993e-01
2.201702299999999946e-01,2.672842300000000115e-01,3.150949599999999795e-01,2.129295599999999899e-01,2.473014500000000060e-01,2.736679499999999932e-01,1.954072500000000046e-01,2.161150500000000030e-01,2.273996500000000087e-01
2.055636999999999881e-01,2.398170799999999880e-01,2.690326499999999843e-01,1.840804000000000051e-01,2.171229699999999985e-01,2.530253800000000219e-01,1.620867599999999964e-01,1.898550999999999989e-01,2.228882399999999875e-01
1.991671700000000045e-01,2.295557500000000029e-01,2.544091900000000073e-01,1.914579899999999946e-01,2.220553399999999900e-01,2.501061199999999873e-01,1.766177100000000111e-01,2.029013799999999923e-01,2.280473000000000083e-01
1.580130800000000002e-01,1.860042799999999941e-01,2.210652899999999976e-01,1.461699099999999862e-01,1.725724100000000094e-01,2.082505000000000051e-01,1.333176399999999873e-01,1.562524799999999991e-01,1.877782000000000062e-01
2.149144500000000069e-01,2.809400799999999809e-01,3.954301199999999961e-01,2.085253599999999929e-01,2.727352100000000057e-01,3.893731699999999907e-01,1.922696600000000089e-01,2.430831099999999911e-01,3.244020599999999921e-01
1.406599099999999991e-01,1.680129999999999957e-01,2.084510699999999883e-01,1.401896900000000057e-01,1.672145700000000068e-01,2.069343999999999906e-01,1.361734099999999947e-01,1.605203799999999903e-01,1.946349699999999905e-01
1.089871200000000068e-01,1.227933199999999975e-01,1.398088700000000018e-01,9.971315000000000039e-02,1.107920700000000064e-01,1.239734799999999970e-01,9.141266800000000248e-02,1.003419900000000059e-01,1.106513199999999975e-01
3.268946200000000246e-01,3.455248200000000103e-01,3.146548900000000204e-01,3.214745600000000203e-01,3.653411100000000244e-01,3.532443800000000245e-01,2.806009700000000051e-01,3.276637000000000022e-01,3.403280799999999773e-01
2.608762800000000159e-01,3.172722499999999779e-01,3.562145999999999924e-01,2.982179799999999936e-01,3.310794499999999974e-01,3.209536100000000003e-01,3.085923400000000205e-01,3.012689000000000061e-01,2.649946799999999825e-01
1.620533200000000007e-01,1.905922800000000028e-01,2.253884399999999955e-01,1.495806199999999975e-01,1.697906200000000032e-01,1.910855300000000034e-01,1.360635900000000120e-01,1.498186999999999991e-01,1.626607700000000101e-01
1.064816400000000024e-01,1.204823399999999933e-01,1.382915700000000025e-01,1.071193399999999935e-01,1.214316800000000002e-01,1.397680500000000048e-01,1.061140400000000067e-01,1.199954399999999949e-01,1.376243000000000050e-01
2.250926900000000119e-01,2.276723099999999889e-01,2.153979500000000047e-01,2.147090799999999966e-01,2.300390499999999949e-01,2.305810600000000044e-01,1.947974600000000056e-01,2.171435499999999907e-01,2.308201699999999912e-01
2.074086800000000119e-01,2.606527900000000231e-01,3.352389599999999747e-01,1.945286800000000094e-01,2.415796799999999911e-01,3.078803500000000248e-01,1.759202400000000055e-01,2.119672599999999907e-01,2.590004499999999932e-01
1.269392299999999862e-01,1.467356999999999967e-01,1.726852700000000018e-01,1.203309000000000045e-01,1.388805800000000035e-01,1.636587999999999932e-01,1.126710300000000053e-01,1.291483099999999884e-01,1.510259800000000041e-01
3.361133199999999932e-01,3.749185800000000013e-01,3.517393400000000114e-01,2.772536199999999784e-01,3.409677099999999794e-01,3.806937400000000027e-01,2.243233699999999942e-01,2.795648499999999759e-01,3.445548399999999734e-01
1.810585999999999862e-01,2.283762799999999871e-01,3.078975299999999748e-01,1.880849300000000113e-01,2.365125200000000039e-01,3.132345599999999952e-01,1.865420899999999937e-01,2.277055000000000051e-01,2.823720800000000253e-01
1.937320399999999943e-01,2.411346199999999940e-01,3.092192300000000116e-01,1.835599300000000100e-01,2.188357599999999903e-01,2.600204099999999796e-01,1.680268400000000106e-01,1.914910700000000132e-01,2.140352299999999930e-01
1.415197699999999892e-01,1.683367899999999862e-01,2.069280500000000023e-01,1.282826099999999914e-01,1.502581299999999898e-01,1.810024199999999972e-01,1.160059699999999999e-01,1.336298999999999959e-01,1.573318499999999953e-01
2.574489500000000097e-01,3.064144599999999996e-01,3.348226000000000258e-01,2.507747499999999907e-01,3.162056300000000153e-01,3.832690300000000105e-01,2.269147300000000089e-01,2.879789899999999903e-01,3.675798200000000016e-01
3.240615800000000157e-01,3.414402300000000112e-01,3.109988499999999934e-01,3.110617199999999860e-01,3.628184999999999882e-01,3.635901899999999798e-01,2.686703799999999864e-01,3.275320899999999980e-01,3.652502400000000038e-01
1.958994300000000133e-01,2.357635899999999951e-01,2.813856800000000269e-01,1.924492899999999951e-01,2.383637899999999921e-01,3.028024999999999745e-01,1.806309299999999951e-01,2.240779800000000099e-01,2.900187900000000263e-01
2.070301400000000014e-01,2.600379600000000124e-01,3.342209999999999903e-01,2.122858900000000049e-01,2.635372500000000007e-01,3.276846299999999768e-01,2.051734799999999914e-01,2.445989299999999922e-01,2.842132299999999834e-01
1.708560899999999882e-01,2.028901800000000033e-01,2.422826499999999883e-01,1.733084099999999961e-01,2.003189499999999956e-01,2.279011599999999915e-01,1.689413999999999916e-01,1.881303400000000070e-01,2.033742900000000131e-01
2.119574200000000075e-01,2.606827999999999923e-01,3.181708699999999945e-01,2.173939099999999958e-01,2.605001100000000069e-01,3.012528400000000217e-01,2.095823500000000006e-01,2.392997099999999988e-01,2.593633599999999872e-01
1.155541100000000015e-01,1.318784100000000015e-01,1.528346299999999991e-01,1.166753400000000024e-01,1.322950300000000079e-01,1.515840400000000032e-01,1.156768499999999977e-01,1.296615499999999865e-01,1.459647199999999923e-01
1.640978200000000053e-01,1.876758799999999894e-01,2.115132100000000070e-01,1.632837699999999947e-01,1.913867499999999944e-01,2.247296799999999872e-01,1.569713299999999923e-01,1.859628600000000076e-01,2.238593700000000020e-01
1.613641899999999907e-01,1.952020100000000091e-01,2.440518700000000041e-01,1.470319300000000051e-01,1.756260900000000125e-01,2.167241099999999976e-01,1.326685999999999976e-01,1.555992599999999892e-01,1.873249999999999915e-01
1.491155700000000028e-01,1.690834400000000015e-01,1.900395300000000121e-01,1.470497900000000135e-01,1.633527600000000135e-01,1.784254899999999922e-01,1.411053300000000010e-01,1.530713900000000016e-01,1.625653099999999907e-01
2.757613700000000057e-01,3.342532899999999807e-01,3.662021300000000146e-01,2.534457500000000252e-01,3.198221299999999823e-01,3.865890499999999896e-01,2.198378900000000080e-01,2.741164400000000168e-01,3.403749099999999750e-01
2.253063999999999900e-01,2.896930699999999970e-01,3.824069700000000127e-01,2.035275500000000015e-01,2.547905699999999940e-01,3.266309600000000257e-01,1.787753800000000115e-01,2.151745200000000080e-01,2.615860999999999881e-01
2.438372699999999949e-01,2.761528100000000263e-01,2.873252099999999976e-01,2.380477599999999971e-01,2.759742900000000110e-01,2.972334200000000259e-01,2.172827099999999900e-01,2.511565700000000234e-01,2.749196400000000207e-01
2.136250199999999988e-01,2.749348799999999926e-01,3.713347000000000175e-01,2.017666499999999918e-01,2.593489500000000225e-01,3.563150099999999876e-01,1.828131600000000023e-01,2.281512599999999946e-01,2.987161099999999792e-01
1.811077199999999998e-01,2.138634299999999933e-01,2.504229399999999828e-01,1.737782400000000005e-01,1.994866799999999996e-01,2.244506000000000001e-01,1.612779500000000033e-01,1.793167300000000075e-01,1.944043900000000102e-01
2.117033799999999966e-01,2.714267100000000155e-01,3.641555200000000103e-01,1.960626799999999892e-01,2.458095600000000103e-01,3.195650199999999774e-01,1.756221400000000099e-01,2.120815000000000061e-01,2.603815999999999908e-01
1.782290199999999880e-01,1.920463299999999873e-01,1.982132199999999955e-01,1.749865300000000012e-01,1.895738600000000107e-01,1.972613099999999953e-01,1.654268600000000089e-01,1.789042299999999974e-01,1.868219000000000130e-01
2.685782199999999786e-01,2.758566399999999863e-01,2.571270600000000184e-01,2.531052500000000038e-01,2.834767599999999943e-01,2.888611999999999846e-01,2.232573599999999880e-01,2.630375500000000089e-01,2.942469300000000176e-01
